00000000000000000000000000000000000000000000000000000000000000000000000000000000
00100000000000000000000000000000000000000000000000000000000000000000000000000000
00010000000000000000000000000000000000000000000000000000000000000000000000000000
01110000000000000000000000000000000000000100000000000000000000000000000000000000
00000000000000000000000000000000000000000010000000000000000000000000000001000000
00000000001000000000000000000000000000001110000000000000000000000000000000100000
00000000000100000000000000000000000000000000000000000000000000000000000011100000
00000000011100000000000000000000000000000000000000000000000000000000000000000000
00000000000000000000000000000000000000000000000001000000000000000000000000000000
00000000000000000010000000000000000000000000000000100000000000000000000000000000
00000000000000000001000000000000000000000000000011100000000000000000000000000000
00000000000000000111000000000000000000000000000000000000000000000000000000000000
00000000000000000000000000000000000000000000000000000000010000000000000000000000
00000000000000000000000000100000000000000000000000000000001000000000000000000000
00000000000000000000000000010000000000000000000000000000111000000000000000000000
00000000000000000000000001110000000000000000000000000000000000000000000000000000
00000000000000000000000000000000000000000000000000000000000000000100000000000000
00000000000000000000000000000000000000000000000000000000000000000010000000000000
00000000000000000000000000000000000000000000000000000000000000001110000000000000
00000000000000000000000000000000000000000000000000000000000000000000000000000000
00000000000000000000000000000000000000000000000000000000000000000000000000000000
00000000000000000000000000000000000000000000000000000000000000000000000000000000
00000000000000000000000000000000000000000000000000000000000000000000000000000000
00000000000000000000000000000000000000000000000000000000000000000000000000000000
00000000000000000000000000000000000000000000000000000000000000000000000000000000