00000000000000000000000000000000000000000000000000000000000000000000000000000000
00100000101001100000100010011000000000000010010100000000010100000000100000000000
00000000000111000100000100000100000010000010000101000010010100100000000000000100
00000100001000100000110000001000010000000010000010001000000000010000010001011000
00100000000000000001000100000010000010000111000000000010010000001100000110000000
00100001000001000000001000000001100000000010100100000000010000001000000000010000
00000100000000001100000001100010010000100101001000000000000000000000000100001000
00100000000000100000000000100010101001010100000000110000000011110000010010011000
00001001000100000000010000000000000000100000101000000101000000010000000000001110
00010000001101100000100000011000010110001000000000000000001111000000000000000000
00110000100000110001000000010000100010000000000000000000010000000001000100100010
00000000000000000000000000100000010000100000000100000000001000000000000011000000
01000001000100011000010001000100000001000000000000010000000000000000000010011000
00000000001010000000001000000101000010000100010100000010100010000100000110000010
00010100000101011010110001100000010010000010000011010000000010000000000010001010
00110000001000000000000100000000001000100010001010000000011100000000100000100100
00100101000001011000000110000010000000010100000001100010000000000011000100010100
00000000000001110000100001000000011000000001000000000000000000010000110100010010
00100010000000000000000000000010000100000010000011000010000100010011000001001000
00100100100000101000000000100000001001000001000111000000100001000000000000100000
01000000100000010000010011000000000000001000000000001000010000100000000101010000
00010000001000000001000111100000000010001010000001100000000000000110000000001000
00000100000100000000100000100000000000001010000010000001001100000001000000000000
00000010000000100010101101000000110000010000000010000000000000100000000000000000
00000000000000000000000000000000000000000000000000000000000000000000000000000000