00000000000000000000000000000000000000000000000000000000000000000000000000000000
00000000000000000000000000000000000000000000000000000000000000000000000000000000
00010010000000000001001000000000000100100000000000010010000000000001001000000000
00100000000000000010000000000000001000000000000000100000000000000010000000000000
00100010000000000010001000000000001000100000000000100010000000000010001000000000
00111100000000000011110000000000001111000000000000111100000000000011110000000000
00000000000000000000000000000000000000000000000000000000000000000000000000000000
00010010000000000001001000000000000100100000000000010010000000000001001000000000
00100000000000000010000000000000001000000000000000100000000000000010000000000000
00100010000000000010001000000000001000100000000000100010000000000010001000000000
00111100000000000011110000000000001111000000000000111100000000000011110000000000
00000000000000000000000000000000000000000000000000000000000000000000000000000000
00010010000000000001001000000000000100100000000000010010000000000001001000000000
00100000000000000010000000000000001000000000000000100000000000000010000000000000
00100010000000000010001000000000001000100000000000100010000000000010001000000000
00111100000000000011110000000000001111000000000000111100000000000011110000000000
00000000000000000000000000000000000000000000000000000000000000000000000000000000
00010010000000000001001000000000000100100000000000010010000000000001001000000000
00100000000000000010000000000000001000000000000000100000000000000010000000000000
00100010000000000010001000000000001000100000000000100010000000000010001000000000
00111110000000000011111000000000001111100000000000111110000000000011111000000000
00100000000000000010000000000000001000000000000000100000000000000010000000000000
00100010000000000010001000000000001000100000000000100010000000000010001000000000
00111100000000000011110000000000001111000000000000111100000000000011110000000000
00000000000000000000000000000000000000000000000000000000000000000000000000000000