10000000000000000000000000000000011000000000011000000000000000000000000000000001
10000000000000000000000000000001100000000000000110000000000000000000000000000001
00000000000000000000000000000110000000011000000001100000000000000000000000000000
00000000000000000000000000011000000001111110000000011000000000000000000000000000
00000000000000000000000001100000000001111110000000000110000000000000000000000000
00000000000000000000000110000000000000011000000000000011000000000000000000000000
00000000000000000000011000000000000000000000000000000001100000000000000000000000
00000000000000000001100000000000000000000000000000000000110000000000000000000000
00000000000000000111111111111111111111111111111111111111111000000000000111111110
00000000000000000000110000000000000000000000000000000001100000000000011111111111
00000000000000000000110000000000000000000000000000000001100000000001111111111111
00000000000000000000110000000001111111111111110000000001100000000111111111111111
00000000000000000000110000000001000000100000010000000001100000000111111111111110
00000000000000000000110000000001000000100000010000000001100000000011111111111100
00000000000000000000110000000001111111111111110000000001100000000000111111110000
00000000000000000000110000000001000000100000010000000001100000000000000011110000
00000000000000000000110000000001000000100000010000000001100000000000000011110000
00000000000000000000110000000001111111111111110000000001100000000000000011110000
00000000000000000000110000000000000000000000000000000001100000000000000011110000
00000000000000000000110000000000000000000000000000000001100000000000000011110000
00000000000000000000110000000000000000000000000000000001100000000000000011110000
00000000000000000011111111111111111111111111111111111111111000000000000011110000
11111111111111111110000000000000000000000000000000000000001111111111111111111111
00000000000000000000000000000000000000000000000000000000000000000000000000000000
10000000000000000000000000000000000000000000000000000000000000000000000000000001